--------------------------------------
densenet - imagenet (z: 2)
test accuracy: 0.625421822272216
confusion matrix
[[23.96  3.32  2.92  2.08]
 [ 8.1  10.24  4.67  2.14]
 [ 3.66  3.09  9.11  3.54]
 [ 1.01  1.07  1.86 19.24]]
error cm
[[ 0.   5.9 36.4 37. ]
 [14.4  0.  24.9 26.6]
 [45.5 16.5  0.  18.9]
 [18.  13.3  9.9  0. ]]
error:  43.11290322580645

--------------------------------------
densenet - mtdp (z: 2)
test accuracy: 0.6169853768278966
confusion matrix
[[23.06  4.27  2.92  2.02]
 [ 8.89 10.46  3.88  1.91]
 [ 3.82  2.92  9.06  3.6 ]
 [ 1.01  1.12  1.91 19.12]]
error cm
[[ 0.   7.6 36.4 36. ]
 [15.8  0.  20.7 23.8]
 [47.6 15.6  0.  19.2]
 [18.  14.  10.2  0. ]]
error:  42.725806451612904

--------------------------------------
resnet - imagenet (z: 2)
test accuracy: 0.624859392575928
confusion matrix
[[23.85  3.21  2.76  2.47]
 [ 8.49 10.07  4.44  2.14]
 [ 3.6   3.6   8.77  3.43]
 [ 1.07  0.51  1.8  19.8 ]]
error cm
[[ 0.   5.7 34.3 44. ]
 [15.1  0.  23.7 26.6]
 [44.8 19.2  0.  18.3]
 [19.   6.3  9.6  0. ]]
error:  43.0


--------------------------------------
resnet - mtdp (z: 2)
test accuracy: 0.6158605174353206
confusion matrix
[[23.23  3.37  3.32  2.36]
 [ 9.11  9.34  4.78  1.91]
 [ 3.82  2.81  9.34  3.43]
 [ 0.9   0.96  1.63 19.69]]
error cm
[[ 0.   6.  41.3 42. ]
 [16.2  0.  25.5 23.8]
 [47.6 15.   0.  18.3]
 [16.  11.9  8.7  0. ]]
error:  43.91935483870967